engine_rpm
0
0
0
0
0
0
0
0
0
0
0
0
0
0
0
0
0
0
0
0
0
0
0
0
0
0
0
0
0
0
0
0
0
0
0
0
0
0
0
0
0
0
0
0
0
0
0
0
0
0
0
0
0
0
0
0
0
0
0
0
0
0
0
0
0
0
0
0
0
0
0
0
0
0
0
0
0
0
0
0
0
0
0
0
0
0
0
0
0
0
0
0
0
0
0
0
0
0
0
0
0
0
0
0
0
0
0
0
0
12.88819
71.54354
110.2961
141.8435
171.7953
200.1381
226.8681
252
275.563
297.5976
318.1539
337.2883
355.0624
371.5411
384.332
400.8804
407.5109
423.9198
435.0966
445.3809
456.3311
464.8845
472.0992
479.91
522.6359
601.1248
661.5424
715.2945
762.365
802.9384
837.3373
865.9737
889.3123
907.8439
922.0638
932.4581
939.4929
943.6074
945.2098
944.6759
942.347
938.532
933.5077
927.5204
920.7883
913.5098
906.5049
897.9724
890.6492
882.6547
874.0899
866.9904
858.8445
819.7123
797.2853
791.4719
786.5851
783.1035
781.1824
780.8849
782.1813
784.9844
789.4236
794.5636
799.9715
807.1767
814.1709
823.2224
833.9494
847.5837
860.7513
878.2724
881.4838
832.7457
801.1105
834.9177
864.2944
899.3886
928.9161
960.5457
993.8529
1020.963
1049.167
1077.893
1100.719
1126.31
1148.985
1168.972
1189.902
1211.714
1229.646
1250.273
1268.917
1286.159
1305.725
1326.264
1347.996
1372.914
1395.311
1423.528
1448.602
1479.238
1506.13
1536.587
1567.888
1602.463
1632.452
1666.512
1704.864
1737.926
1777.054
1809.738
1844.53
1883.548
1915.363
1945.494
1973.832
2000.323
2024.948
2047.725
2068.698
2081.706
2106.878
2121.467
2135.957
2149.051
2160.846
2169.75
2176.306
2188.02
2195.681
2202.47
2225.232
2227.805
2230.875
2233.705
2235.409
2236.791
2237.884
2238.774
2239.726
2240.747
2241.816
2242.917
2244.128
2245.159
2246.282
2247.397
2248.501
2249.589
2250.659
2251.71
2252.741
2253.752
2254.743
2255.393
2256.666
2257.6
2258.516
2259.266
2260.298
2261.167
2262.023
2262.866
2263.697
2264.38
2265.192
2265.994
2266.787
2267.572
2268.35
2269.121
2269.886
2270.646
2271.4
2272.149
2272.894
2273.635
2274.373
2275.107
2275.838
2276.567
2277.292
2278.016
2278.857
2279.576
2280.293
2281.068
2281.722
2282.434
2283.145
2283.855
2284.563
2285.27
2285.741
2286.563
2287.267
2287.969
2288.788
2289.488
2290.245
2290.885
2291.581
2292.277
2292.971
2293.664
2294.357
2295.048
2295.738
2296.427
2297.115
2297.802
2298.488
2299.173
2299.857
2300.541
2301.224
2301.906
2302.588
2303.269
2303.95
2304.63
2305.367
2305.876
2306.556
2307.235
2307.914
2308.706
2309.384
2310.063
2310.628
2311.419
2312.097
2312.774
2313.282
2314.015
2314.692
2315.368
2316.044
2316.719
2317.394
2318.068
2318.743
2319.537
2320.503
2321.612
2322.838
2324.39
2325.804
2327.281
2328.809
2330.379
2331.983
2333.613
2335.264
2336.932
2338.613
2340.303
2341.434
2343.418
2345.121
2346.825
2348.528
2350.23
2352.214
2353.911
2355.605
2357.015
2358.703
2360.669
2362.35
2364.028
2365.703
2367.376
2369.047
2370.717
2372.385
2374.053
2375.72
2377.382
2379.036
2380.675
2382.285
2383.83
2385.251
2386.103
2387.41
2388.403
2389.515
2390.497
2391.516
2392.564
2393.619
2394.654
2395.645
2396.576
2397.303
2398.242
2398.972
2399.646
2400.283
2400.904
2401.514
2402.115
2402.709
2403.3
2403.886
2404.47
2405.051
2405.632
2406.216
2406.805
2407.404
2408.015
2408.642
2409.286
2409.922
2410.511
2410.94
2411.424
2411.638
2411.959
2412.252
2412.613
2413.056
2413.574
2414.149
2414.75
2415.333
2415.864
2416.328
2416.718
2417.084
2417.336
2417.545
2417.723
2417.882
2418.029
2418.167
2418.298
2418.421
2418.533
2418.615
2418.699
2418.763
2418.804
2418.819
2418.807
2418.766
2418.695
2418.592
2418.458
2418.291
2418.054
2417.826
2417.602
2417.399
2417.226
2417.124
2416.944
2416.825
2416.714
2416.607
2416.521
2416.421
2416.313
2416.229
2416.159
2416.105
2416.071
2416.061
2416.078
2416.124
2416.2
2416.309
2416.451
2416.595
2416.799
2417.036
2417.356
2417.665
2418.03
2418.343
2418.668
2418.968
2419.241
2419.49
2419.719
2419.934
2420.139
2420.339
2420.533
2420.721
2420.902
2421.073
2421.23
2421.373
2421.496
2421.6
2421.681
2421.739
2421.771
2421.77
2421.732
2421.656
2421.541
2421.419
2421.243
2421.039
2420.811
2420.561
2420.292
2420.005
2419.702
2419.383
2418.991
2418.639
2418.271
2417.885
2417.482
2417.06
2416.618
2416.157
2415.675
2415.173
2414.651
2414.11
2413.55
2412.971
2412.475
2411.865
2411.238
2410.597
2409.943
2409.276
2408.598
2407.911
2407.217
2406.517
2405.812
2405.106
2404.399
2403.693
2402.991
2402.293
2401.488
2400.92
2400.247
2399.584
2398.933
2398.296
2397.683
2397.115
2396.605
2396.153
2395.757
2395.41
2395.108
2394.846
2394.62
2394.427
2394.267
2394.142
2394.039
2393.988
2393.953
2393.917
2393.869
2393.815
2393.741
2393.665
2393.598
2393.548
2393.521
2393.525
2393.56
2393.622
2393.693
2393.8
2393.925
2394.066
2394.219
2394.381
2394.55
2394.724
2394.903
2395.084
2395.268
2395.453
2395.641
2395.831
2396.023
2396.217
2396.41
2396.597
2396.777
2396.949
2397.116
2397.281
2397.444
2397.609
2397.776
2397.945
2398.116
2398.288
2398.46
2398.631
2398.805
2399.018
2399.304
2399.674
2400.125
2400.648
2401.34
2401.994
2402.698
2403.447
2404.239
2405.054
2405.869
2406.668
2407.448
2408.211
2408.962
2409.705
2410.445
2411.185
2411.93
2412.683
2413.446
2414.219
2414.999
2415.783
2416.566
2417.345
2418.115
2418.87
2419.608
2420.324
2421.016
2421.682
2422.319
2422.926
2423.501
2424.045
2424.473
2424.956
2425.406
2425.823
2426.208
2426.559
2426.878
2427.165
2427.461
2427.646
2427.869
2428.028
2428.137
2428.242
2428.316
2428.362
2428.378
2428.36
2428.314
2428.239
2428.135
2428.026
2427.858
2427.723
2427.615
2427.539
2427.494
2427.461
2427.398
2427.299
2427.101
2426.808
2426.347
2425.865
2425.418
2424.842
2424.132
2423.512
2422.911
2422.337
2421.878
2421.254
2420.82
2420.234
2419.754
2419.374
2418.874
2418.476
2418.103
2417.757
2417.488
2417.144
2416.888
2416.674
2416.507
2416.388
2416.319
2416.287
2416.265
2416.228
2416.171
2416.028
2415.836
2415.631
2415.291
2414.971
2414.64
2414.308
2413.981
2413.663
2413.406
2413.053
2412.756
2412.459
2412.211
2411.857
2411.546
2411.227
2410.898
2410.56
2410.27
2409.839
2409.439
2409.01
2408.554
2408.156
2407.828
2407.152
2406.547
2406.023
2405.495
2404.965
2404.433
2403.9
2403.365
2402.828
2402.29
2401.751
2401.212
2400.674
2400.138
2399.604
2399.162
2398.549
2398.03
2397.517
2397.011
2396.515
2396.028
2395.552
2395.09
2394.641
2394.208
2393.86
2393.392
2393.012
2392.647
2392.294
2391.948
2391.667
2391.284
2390.971
2390.675
2390.398
2390.144
2389.914
2389.71
2389.531
2389.504
2389.253
2389.153
2389.101
2389.03
2389.005
2389.003
2389.023
2389.066
2389.145
2389.238
2389.274
2389.49
2389.648
2389.796
2389.981
2390.168
2390.351
2390.53
2390.737
2390.917
2390.978
2391.299
2391.506
2391.726
2391.958
2392.21
2392.507
2392.868
2393.219
2393.78
2394.222
2394.793
2395.507
2396.151
2396.482
2397.5
2398.078
2398.899
2399.613
2400.338
2400.95
2401.822
2402.583
2403.229
2404.014
2404.795
2405.673
2406.386
2407.063
2407.708
2408.328
2408.932
2409.525
2410.112
2410.695
2411.274
2411.846
2412.408
2412.874
2413.56
2414.095
2414.915
2415.668
2416.455
2417.26
2418.073
2418.884
2419.688
2420.487
2421.284
2421.804
2423.418
2424.164
2424.928
2425.821
2426.584
2427.365
2428.178
2429.029
2429.917
2430.838
2431.629
2432.59
2433.694
2434.607
2435.484
2436.324
2437.134
2437.923
2438.723
2439.57
2440.479
2441.286
2442.308
2443.57
2444.518
2445.707
2446.743
2448.255
2449.83
2451.224
2452.644
2454.066
2455.473
2456.858
2458.212
2459.315
2460.608
2462.078
2463.308
2464.513
2465.499
2466.874
2467.877
2469.118
2469.968
2471.938
2473.061
2474.425
2476.734
2479.323
2481.489
2482.961
2487.267
2488.826
2490.616
2492.093
2492.571
2494.833
2496.081
2497.248
2497.983
2500.902
2503.593
2506.299
2507.229
2507.844
2508.763
2509.527
2510.291
2511.364
2515.509
2520.351
2522.68
2524.881
2525.692
2527.12
2528.35
2529.581
2530.81
2532.034
2533.251
2534.458
2535.851
2537.029
2537.997
2539.143
2540.27
2541.378
2542.465
2543.708
2544.752
2545.779
2546.791
2547.791
2548.781
2549.6
2550.58
2551.556
2552.53
2553.502
2554.625
2555.573
2556.194
2557.256
2558.135
2559.122
2559.932
2560.707
2561.448
2562.156
2562.722
2563.375
2564
2564.602
2565.183
2565.747
2566.298
2566.926
2567.456
2567.978
2568.496
2569.009
2569.517
2570.02
2570.434
2570.924
2571.484
2571.953
2572.257
2572.775
2573.269
2573.539
2573.995
2574.443
2574.823
2575.199
2575.57
2575.936
2576.296
2576.656
2577.021
2577.397
2577.79
2578.206
2578.65
2579.043
2579.544
2580.078
2580.643
2581.24
2581.866
2582.519
2583.197
2584.016
2584.738
2585.476
2586.226
2586.986
2587.753
2588.521
2589.03
2589.911
2590.652
2591.375
2592.076
2592.742
2593.355
2593.907
2594.468
2594.879
2595.23
2595.478
2595.761
2595.948
2596.089
2596.187
2596.246
2596.272
2596.272
2596.27
2596.281
2596.313
2596.366
2596.45
2596.568
2596.667
2596.884
2597.154
2597.425
2597.729
2598.063
2598.421
2598.798
2599.19
2599.591
2599.999
2600.408
2600.816
2601.219
2601.617
2602.005
2602.384
2602.629
2603.041
2603.357
2603.625
2603.839
2604
2604.109
2604.171
2604.189
2604.165
2604.101
2603.999
2603.859
2603.683
2603.473
2603.228
2602.95
2602.64
2602.306
2601.97
2601.639
2601.315
2600.996
2600.681
2600.369
2600.06
2599.754
2599.451
2599.102
2598.807
2598.516
2598.229
2597.946
2597.667
2597.391
2597.119
2596.851
2596.586
2596.326
2596.112
2595.859
2595.611
2595.368
2595.131
2594.901
2594.678
2594.463
2594.257
2594.059
2593.872
2593.694
2593.528
2593.372
2593.227
2593.094
2592.973
2592.864
2592.77
2592.691
2592.629
2592.583
2592.553
2592.539
2592.541
2592.559
2592.697
2592.759
2592.811
2592.858
2592.901
2592.938
2592.97
2592.998
2593.025
2593.053
2593.086
2593.127
2593.18
2593.249
2593.338
2593.449
2593.587
2593.752
2593.947
2594.172
2594.428
2594.715
2595.031
2595.317
2595.683
2596.075
2596.49
2596.927
2597.382
2597.854
2598.342
2598.842
2599.355
2599.966
2600.5
2601.042
2601.593
2602.151
2602.718
2603.292
2603.876
2604.469
2605.072
2605.686
2606.313
2606.954
2607.59
2608.18
2608.729
2609.246
2609.736
2610.204
2610.653
2611.089
2611.513
2611.86
2612.27
2612.674
2613.074
2613.471
2613.866
2614.26
2614.652
2615.044
2615.435
2615.826
2616.217
2616.608
2616.998
2617.389
2617.779
2618.169
2618.624
2619.014
2619.339
2619.728
2620.182
2620.572
2620.896
2621.284
2621.673
2622.061
2622.449
2622.836
2623.288
2623.674
2624.06
2624.444
2624.763
2625.146
2625.527
2625.906
2626.346
2626.721
2627.094
2627.464
2627.832
2628.197
2628.559
2628.918
2629.214
2629.567
2629.916
2630.262
2630.66
2630.998
2631.332
2631.607
2631.933
2632.309
2632.627
2632.941
2633.251
2633.556
2633.858
2634.106
2634.4
2634.69
2634.975
2635.303
2635.534
2635.807
2636.075
2636.34
2636.6
2636.898
2637.065
2637.395
2637.637
2637.836
2638.07
2638.338
2638.563
2638.784
2639.001
2639.214
2639.423
2639.628
2639.83
2640.011
2640.189
2640.412
2640.614
2640.782
2640.963
2641.14
2641.314
2641.486
2641.668
2641.833
2641.983
2642.157
2642.302
2642.432
2642.624
2642.751
2642.901
2643.049
2643.208
2643.341
2643.508
2643.639
2643.792
2643.897
2644.049
2644.2
2644.35
2644.477
2644.626
2644.766
2644.897
2645.058
2645.214
2645.38
2645.495
2645.722
2645.913
2646.112
2646.299
2646.544
2646.74
2646.957
2647.173
2647.39
2647.604
2647.799
2648.007
2648.245
2648.427
2648.637
2648.779
2648.994
2649.172
2649.361
2649.516
2649.683
2649.833
2650.008
2650.168
2650.326
2650.471
2650.642
2650.799
2650.969
2651.1
2651.283
2651.427
2651.569
2651.736
2651.888
2652
2652.185
2652.34
2652.48
2652.593
2652.746
2652.872
2652.992
2653.088
2653.216
2653.303
2653.417
2653.494
2653.581
2653.669
2653.75
2653.82
2653.884
2653.942
2653.996
2654.044
2654.087
2654.125
2654.154
2654.174
2654.18
2654.172
2654.148
2654.108
2654.052
2653.981
2653.896
2653.799
2653.692
2653.578
2653.459
2653.337
2653.214
2653.093
2652.975
2652.861
2652.752
2652.666
2652.551
2652.459
2652.372
2652.289
2652.211
2652.147
2652.062
2651.991
2651.921
2651.853
2651.785
2651.717
2651.649
2651.594
2651.52
2651.462
2651.412
2651.372
2651.342
2651.325
2651.316
2651.322
2651.335
2651.366
2651.396
2651.451
2651.506
2651.559
2651.641
2651.704
2651.786
2651.873
2651.966
2652.062
2652.181
2652.288
2652.381
2652.497
2652.638
2652.766
2652.9
2653.017
2653.189
2653.345
2653.509
2653.681
2653.862
2654.052
2654.251
2654.459
2654.676
2654.901
2655.135
2655.377
2655.627
2655.884
2656.148
2656.42
2656.697
2656.934
2657.276
2657.581
2657.9
2658.235
2658.587
2658.894
2659.343
2659.745
2660.16
2660.587
2661.023
2661.465
2661.911
2662.123
2661.002
2654.007
2640.788
2624.556
2595.031
2569.92
2536.149
2492.794
2459.937
2419.116
2377.342
2335.194
2286.26
2251.788
2207.965
2166.147
2135.613
2095.256
2062.851
2037.306
2008.323
1976.628
1951.018
1926.703
1907.398
1885.638
1865.493
1843.929
1827.021
1811.453
1797.082
1783.834
1771.597
1760.215
1749.491
1739.328
1729.668
1720.465
1711.516
1704.095
1695.235
1684.957
1676.115
1667.162
1659.573
1650.323
1640.947
1629.784
1619.944
1609.872
1599.661
1591.044
1580.559
1568.023
1557.049
1546.024
1536.93
1524.505
1514.201
1504.203
1494.741
1488.127
1480.384
1475.493
1469.142
1464.765
1458.609
1453.288
1448.771
1442.175
1436.233
1430.174
1424.135
1418.089
1412.99
1405.757
1399.595
1394.594
1388.838
1382.535
1376.969
1371.357
1362.06
1352.827
1342.498
1333.101
1318.813
1305.586
1291.522
1276.682
1261.249
1245.946
1230.916
1216.194
1201.815
1187.807
1174.196
1161.107
1150.927
1137.79
1129.16
1118.07
1109.426
1101.522
1095.464
1087.733
1081.726
1076.211
1071.966
1066.522
1062.282
1058.402
1055.418
1051.586
1048.588
1046.268
1043.263
1040.886
1038.67
1036.599
1034.661
1032.847
1031.148
1029.562
1028.084
1026.71
1025.438
1024.264
1023.183
1022.19
1021.278
1020.44
1019.668
1018.955
1018.291
1017.976
1017.083
1016.521
1016.068
1015.448
1014.921
1014.392
1013.944
1013.393
1012.72
1012.11
1011.459
1010.758
1010
1009.178
1008.441
1007.329
1006.304
1005.219
1004.081
1002.902
1001.694
1000.468
999.2377
998.0145
996.8088
995.6291
994.4821
993.5547
992.4789
991.4462
990.4603
989.5233
988.6366
987.8005
986.886
986.2678
985.5593
984.8825
984.2341
983.509
983.0088
982.3292
981.7568
981.2784
980.6949
979.9923
979.3642
978.7066
978.1323
977.4065
976.4982
975.8006
974.7432
973.7501
972.6662
971.4811
970.1831
968.7617
967.2101
965.5276
964.024
962.0912
959.6778
957.494
955.225
952.8911
950.5123
948.107
946.0942
943.2793
940.8809
938.504
936.1534
933.8314
931.5382
929.2723
927.4028
925.1784
922.9706
920.4095
918.2217
916.0364
913.8499
911.6588
909.8278
907.2547
905.0393
902.8149
900.5827
898.3453
896.1131
893.8986
891.7116
889.918
887.4647
885.4232
883.444
881.5346
879.7029
878.2408
876.5684
874.9889
873.5034
871.8866
870.5963
869.5845
868.4412
867.1971
866.2001
865.2608
864.3732
863.532
862.7324
861.97
861.2411
860.6565
859.8698
859.3288
858.701
857.9966
857.5116
856.8582
856.3228
855.8117
855.3267
854.8704
854.4402
854.0369
853.6622
853.3741
853.0118
852.743
852.5509
852.3334
852.2158
852.1174
852.0616
852.0635
852.1105
852.2009
852.3329
852.5045
852.6761
852.9575
853.1857
853.4876
853.8752
854.1734
854.5528
855.0226
855.4462
855.8125
856.267
856.7366
857.22
857.8006
858.3116
858.8345
859.2813
859.8418
860.4389
861.0769
861.7565
862.4772
863.3698
864.1794
865.0204
865.7377
866.6268
867.6901
868.4644
869.4124
870.3855
871.5582
872.6051
873.7
874.8439
875.832
877.0541
878.3109
879.5975
880.9097
882.2439
883.5973
885.1976
886.585
887.9858
889.3989
890.8213
892.2482
893.6797
894.8765
896.3179
897.7657
899.2212
900.6855
902.4066
903.3969
905.1429
906.6536
908.1782
909.7171
911.2708
912.8389
914.4206
916.0092
917.598
919.4515
921.311
924.2539
925.8694
927.2181
930.7001
931.4902
935.0674
936.5275
937.9469
939.3284
940.6717
941.9738
943.2305
944.4365
945.5878
946.6816
947.7175
948.5391
949.632
950.5225
951.2372
952.2035
953.0057
953.7886
954.5554
955.3079
956.0471
956.772
957.4724
958.1306
958.7305
959.3418
959.7754
960.1078
960.3401
960.4915
960.5797
960.6116
960.6006
960.5213
960.3972
960.2165
959.9664
959.754
959.2835
958.6823
958.0643
957.3581
956.5836
955.7601
955.0429
954.1498
953.0682
952.1075
951.106
950.05
948.928
947.7324
946.4518
945.0844
943.6342
942.1046
940.4973
938.8116
937.0464
935.5137
933.599
931.6001
929.5146
927.3424
925.0944
922.7813
920.4064
917.9678
915.4608
912.879
910.2135
907.4496
904.5653
901.5457
897.8593
894.6053
891.3146
888.5723
885.3082
881.5703
878.4489
875.415
872.4643
869.5826
866.7551
863.9664
861.662
858.9119
855.7141
853.4297
850.2214
847.939
845.2672
842.2476
840.5699
837.7177
835.3564
833.0693
830.8503
828.6931
826.5927
824.5449
822.5466
820.2755
818.3787
816.527
814.7206
812.9602
811.5293
809.8602
808.2495
806.7002
805.2133
803.7891
802.428
801.13
799.8943
798.7183
797.5991
796.5577
795.6244
794.7966
794.0722
793.4491
792.9246
792.4955
792.1581
791.9083
791.7411
791.6519
791.6354
791.6862
791.8234
792.0021
792.232
792.5078
792.8239
793.175
793.5556
793.8912
794.3117
794.7466
795.192
795.6445
796.102
796.5635
797.1062
797.5737
798.0415
798.5075
798.9696
799.423
799.8602
800.275
800.6635
801.0255
801.3627
801.6776
801.9723
802.2483
802.5065
802.7476
802.9725
803.1132
803.3406
803.5151
803.6691
803.8015
803.9277
804.0114
804.0729
804.1129
804.1323
804.1328
804.1197
804.0898
804.0475
803.9962
803.9399
803.8825
803.8271
803.7696
803.7415
803.7029
803.6794
803.6725
803.6796
803.7023
803.7412
803.7963
803.867
803.9527
804.0522
804.1609
804.2722
804.3813
804.4516
804.5851
804.6788
804.7675
804.8516
804.9327
805.0146
805.0856
805.1756
805.2709
805.3704
805.4715
805.5711
805.6677
805.826
806.0394
806.3047
806.6201
806.9838
807.3972
807.8607
808.3573
808.537
808.314
807.7521
806.9073
805.8055
804.4537
802.8431
800.9674
798.7792
796.1564
793.2063
789.8455
786.0282
781.7767
777.1477
772.1948
766.9693
761.5136
755.8732
749.0989
743.1683
737.1503
731.0733
724.95
718.812
712.657
706.6862
700.9847
695.5458
690.3602
685.4144
680.7012
676.2037
671.9116
667.8117
663.8914
660.1369
656.5269
653.0667
649.789
646.6848
643.7422
640.9473
638.2855
635.7456
633.3139
630.9913
628.8243
626.8054
624.9199
623.156
621.7704
620.196
618.735
617.4499
616.3312
615.3644
614.5346
613.8284
613.2273
612.7063
612.2516
611.853
611.4995
611.183
610.8123
610.3132
609.6831
608.9263
608.049
607.0523
605.9518
604.7562
603.4671
602.0945
600.6472
599.1736
597.7734
596.4501
595.2021
594.0287
592.9247
591.8894
590.7612
589.8586
589.2893
588.3501
587.7144
587.3328
587.152
587.0773
587.0744
587.1262
587.2233
587.3593
587.5284
587.7254
587.9451
588.1827
588.4334
588.6928
588.957
589.2222
589.4853
589.7435
589.9943
590.2358
590.4663
590.6844
590.8893
591.1105
591.2564
591.418
591.5649
591.6973
591.8154
591.9196
592.0106
592.089
592.1555
592.2107
592.2621
592.296
592.3212
592.3386
592.349
592.3531
592.3519
592.3459
592.3359
592.3224
592.3062
592.2877
592.2675
592.2496
592.2235
592.2007
592.1777
592.1548
592.1324
592.1106
592.0895
592.0695
592.0504
592.0325
592.0158
592.0004
591.9863
591.9734
591.9617
591.9514
591.9422
591.9342
591.9272
591.9214
591.9164
591.9125
591.9093
