vertical-speed-fps
0
0
0
0
0
0
0
0
0
0
0
0
0
0
0
0
0
0
0
0
0
0
0
0
0
0
0
0
0
0
0
0
0
0
0
0
-2.3E-05
4E-05
-3E-06
-1.1E-05
-1.7E-05
-1.9E-05
-2.1E-05
-2.3E-05
-2.4E-05
-2.4E-05
-2.4E-05
-2.4E-05
-2.3E-05
-2.2E-05
-2.2E-05
-2.1E-05
-2.1E-05
-2E-05
-1.8E-05
-1.8E-05
-1.7E-05
-1.6E-05
-1.4E-05
-1.4E-05
-1.2E-05
-1.1E-05
-1E-05
-9E-06
-8E-06
-7E-06
-6E-06
-5E-06
-3E-06
-2E-06
-1E-06
0
1E-06
3E-06
4E-06
5E-06
6E-06
8E-06
9E-06
1E-05
1.2E-05
1.2E-05
1.4E-05
1.5E-05
4E-06
1.2E-05
1.8E-05
2.2E-05
2.6E-05
2.9E-05
3.1E-05
3.4E-05
3.6E-05
3.8E-05
4E-05
4.1E-05
4.3E-05
3.7E-05
2.6E-05
1.8E-05
1.2E-05
8E-06
6E-06
4E-06
2E-06
2E-06
2E-06
2E-06
2E-06
1E-05
2.8E-05
4.6E-05
6.6E-05
8.5E-05
0.000103
0.00012
0.000134
0.000145
0.000154
0.00016
0.000163
0.000165
0.000165
0.000163
0.000162
0.000157
0.000152
0.000147
0.00014
0.000134
0.000128
0.000121
0.000168
0.000359
0.00053
0.000667
0.000759
0.000806
0.000799
0.000683
0.000611
0.000615
0.000667
0.000768
0.000891
0.001042
0.001176
0.00134
0.001513
0.001666
0.001825
0.001972
0.002116
0.002246
0.002354
0.002457
0.00257
0.002665
0.002743
0.002818
0.002864
0.002777
0.002772
0.002764
0.002742
0.002705
0.002646
0.002629
0.002567
0.00253
0.002472
0.002442
0.002437
0.002417
0.002409
0.002396
0.002415
0.002442
0.002493
0.00256
0.002658
0.002649
0.002653
0.002695
0.002765
0.002827
0.002966
0.003136
0.003356
0.003633
0.003961
0.004337
0.004754
0.005202
0.0057
0.006203
0.006826
0.007455
0.008072
0.008782
0.009517
0.010268
0.011074
0.011928
0.012799
0.013772
0.014744
0.015828
0.016959
0.018097
0.01938
0.020672
0.022039
0.023618
0.025046
0.026699
0.028587
0.03027
0.032379
0.034261
0.036415
0.039049
0.04143
0.04389
0.046437
0.049097
0.051793
0.054605
0.057503
0.059457
0.063681
0.066499
0.069617
0.072772
0.075983
0.078691
0.08086
0.085265
0.088607
0.091971
0.108432
0.111308
0.115332
0.119942
0.123404
0.12689
0.130341
0.133809
0.13729
0.140765
0.144229
0.1477
0.151458
0.154626
0.15808
0.161546
0.164992
0.168452
0.1719
0.175341
0.178801
0.18225
0.185682
0.187976
0.192548
0.203099
0.197753
0.200369
0.204934
0.208694
0.211212
0.215005
0.218737
0.22182
0.225436
0.229001
0.232502
0.23596
0.239412
0.242824
0.247173
0.250711
0.254113
0.258191
0.26159
0.26499
0.268389
0.271764
0.275153
0.278516
0.281917
0.285308
0.289248
0.291965
0.295469
0.296998
0.300051
0.303407
0.30679
0.310144
0.312559
0.314491
0.316687
0.318903
0.322212
0.325516
0.329392
0.332712
0.3363
0.339333
0.342646
0.345049
0.346971
0.348665
0.351909
0.355134
0.358419
0.361639
0.364865
0.368083
0.371277
0.374484
0.377657
0.380834
0.383991
0.387127
0.39027
0.393423
0.39652
0.399622
0.402989
0.405307
0.408398
0.411468
0.414529
0.418095
0.421143
0.424173
0.42671
0.430221
0.433225
0.436241
0.438476
0.441712
0.444697
0.447675
0.450619
0.453582
0.456525
0.45945
0.462378
0.465299
0.468193
0.471092
0.473963
0.477307
0.480152
0.483002
0.485804
0.488624
0.488619
0.491368
0.492376
0.494951
0.497463
0.496609
0.498261
0.50115
0.503612
0.505994
0.508361
0.508795
0.503846
0.505975
0.508212
0.510043
0.512189
0.514658
0.516728
0.518772
0.520783
0.522781
0.524761
0.526668
0.528532
0.52919
0.52593
0.536132
0.570441
0.610601
0.698622
0.78444
0.857467
0.970528
1.452876
2.057851
2.864129
3.49229
4.070224
4.586072
5.022468
5.381623
5.685333
5.970533
6.193001
6.483233
6.730543
6.960924
7.160694
7.29331
7.356905
7.358742
7.272892
7.113725
6.900204
6.650825
6.381262
6.105947
5.833527
5.568253
5.312019
5.065106
4.826857
4.568765
4.343967
4.249569
4.289929
4.485183
4.692418
5.134841
5.467983
5.697543
5.816647
5.796302
5.629692
5.353619
5.118725
4.981094
4.961202
5.053946
5.250716
5.469608
5.71854
5.98334
6.252457
6.51753
6.773282
7.016766
7.247371
7.465863
7.639647
7.839698
8.032794
8.221234
8.406209
8.588509
8.768464
8.945582
9.119571
9.290111
9.456804
9.657353
9.832075
9.971597
10.04448
10.03196
9.97245
9.759551
9.544202
9.303278
9.052299
8.843443
8.59923
8.327435
8.106667
7.896139
7.693957
7.497936
7.305994
7.116393
6.927836
6.739484
6.550903
6.361997
6.204418
6.015436
5.826957
5.608332
5.422604
5.199348
5.068246
5.005502
5.0267
5.118331
5.249827
5.407448
5.581326
5.763144
5.946686
6.127897
6.304627
6.476212
6.642991
6.805877
6.965987
7.124386
7.281925
7.439164
7.596367
7.746425
7.906776
8.080153
8.265806
8.461086
8.628649
8.832689
9.036942
9.2385
9.434978
9.624601
9.806236
9.979294
10.14348
10.32368
10.46838
10.60392
10.73041
10.84819
10.95766
11.05921
11.15311
11.23958
11.3187
11.39048
11.45486
11.51172
11.56092
11.59596
11.63076
11.65752
11.6761
11.6864
11.68834
11.68184
11.66685
11.64332
11.61122
11.57052
11.52206
11.46663
11.40398
11.33398
11.25658
11.15693
11.07966
10.98035
10.87398
10.76071
10.64964
10.53186
10.36356
10.14919
9.890824
9.594516
9.268469
8.92138
8.560949
8.19151
7.82045
7.453382
7.093464
6.682263
6.314713
5.979036
5.686123
5.453499
5.30768
5.202413
5.155312
5.136013
5.13063
5.130969
5.130753
5.125958
5.115173
5.101467
5.080056
5.054473
5.026283
4.997039
4.968064
4.939843
4.91337
4.889464
4.868492
4.850498
4.835321
4.822699
4.812488
4.805193
4.796475
4.795848
4.809218
4.837058
4.877974
4.929506
4.988795
5.053072
5.11997
5.18768
5.255062
5.321598
5.387101
5.451618
5.515353
5.61118
5.675922
5.623711
5.473505
5.250329
4.936692
4.453748
3.972325
3.457242
2.931729
2.385965
1.887102
1.495625
1.224311
1.066161
0.987756
0.95581
0.966786
1.016359
1.095324
1.195121
1.308699
1.430897
1.558418
1.689644
1.824328
1.963145
2.107268
2.258017
2.4166
2.583958
2.760683
2.947012
3.142856
3.347859
3.561463
3.782976
4.011623
4.207022
4.446633
4.691074
4.939556
5.191319
5.445632
5.701792
5.959127
6.259977
6.47477
6.774618
7.030234
7.241867
7.493746
7.742926
7.988985
8.231529
8.509572
8.743287
8.972418
9.196671
9.390077
9.654118
9.835061
9.951276
9.968624
9.884057
9.718481
9.6034
9.580248
9.659225
9.822676
10.10006
10.414
10.71555
11.0965
11.54364
11.9152
12.20682
12.40321
12.50926
12.60296
12.64099
12.62758
12.56662
12.45549
12.21636
11.951
11.64682
11.31782
11.03262
10.63124
10.26956
9.889703
9.492478
9.080009
8.638154
8.203091
7.826536
7.541547
7.381714
7.272321
7.263402
7.312817
7.471786
7.652389
7.841774
8.028778
8.206001
8.369342
8.49369
8.650147
8.769388
8.87687
8.958521
9.062706
9.144944
9.221133
9.291195
9.35502
9.394488
9.456532
9.520026
9.592597
9.671453
9.739118
9.792723
9.893312
9.96923
10.02217
10.0623
10.0889
10.10187
10.10147
10.08825
10.06313
10.02711
9.980975
9.925387
9.860887
9.787881
9.706697
9.63298
9.52078
9.416501
9.304948
9.1863
9.060832
8.928763
8.790357
8.645904
8.495689
8.340018
8.206346
8.013546
7.841066
7.663095
7.490581
7.325334
7.193208
7.015405
6.867804
6.722611
6.578086
6.432838
6.28595
6.137197
5.986738
5.961532
5.682795
5.530555
5.429348
5.228282
5.079301
4.95664
4.811522
4.66893
4.506042
4.369584
4.324771
4.105871
3.978867
3.868911
3.746574
3.6426
3.55828
3.492535
3.435906
3.400918
3.391439
3.355621
3.340461
3.328108
3.317759
3.332713
3.31784
3.263406
3.18766
3.041516
2.920518
2.752965
2.534652
2.334623
2.230142
1.913655
1.743559
1.519833
1.344436
1.185096
1.064301
0.912198
0.79611
0.708367
0.596611
0.517843
0.496948
0.534116
0.617873
0.740532
0.893115
1.06691
1.254463
1.450078
1.649901
1.851746
2.054754
2.263282
2.460892
2.694328
2.809271
2.856835
2.809725
2.722
2.608386
2.483029
2.35783
2.249428
2.149038
2.021253
1.956347
1.917086
1.904933
1.848581
1.815152
1.817179
1.793222
1.712848
1.574415
1.386349
1.161923
0.945807
0.68221
0.467885
0.384938
0.393159
0.479097
0.623156
0.82427
1.021816
1.133485
1.139533
1.068089
0.914318
0.665076
0.437838
0.12438
-0.15951
-0.587431
-1.037992
-1.432889
-1.760934
-1.977493
-2.086354
-2.100732
-2.022591
-1.890898
-1.666241
-1.339058
-1.023611
-0.690038
-0.387386
0.015255
0.223555
0.37156
0.412329
0.349152
0.174977
-0.118002
-0.689657
-1.310834
-1.786821
-2.087946
-2.887021
-3.195077
-3.293751
-3.079688
-2.970232
-2.215271
-1.634286
-0.993267
-0.544827
1.238229
1.716144
1.625842
1.547835
1.491232
1.405843
1.338181
1.276108
1.200505
1.047868
0.974353
0.93759
0.908418
0.900301
0.890602
0.887681
0.890424
0.899326
0.914758
0.936991
0.966217
1.009318
1.054055
1.096839
1.154742
1.219702
1.291552
1.370052
1.469623
1.561424
1.659278
1.762965
1.87158
1.983928
2.07954
2.195756
2.312824
2.430012
2.544938
2.674636
2.782876
2.854837
2.983485
3.09923
3.243238
3.375389
3.515754
3.663976
3.819415
3.953897
4.120489
4.29199
4.467603
4.646574
4.828204
5.011853
5.227903
5.414067
5.600722
5.787572
5.974418
6.161149
6.347739
6.503156
6.689642
6.90738
7.094345
7.219259
7.438578
7.659056
7.793255
8.010305
8.113378
8.110277
8.043897
7.938722
7.815848
7.691129
7.577125
7.477928
7.391515
7.314322
7.242957
7.173212
7.113645
7.038186
6.957129
6.870742
6.780241
6.686197
6.5889
6.488641
6.368495
6.263423
6.157114
6.050255
5.943504
5.835897
5.725796
5.6515
5.522082
5.414269
5.311494
5.188274
5.14715
5.258987
5.513246
5.939665
6.368543
6.821779
7.20332
7.731391
8.174917
8.610765
9.041129
9.468111
9.893058
10.34243
10.66956
10.84952
10.9045
10.87607
10.80629
10.7223
10.66561
10.57039
10.47995
10.40321
10.32429
10.24133
10.15359
10.06126
9.965181
9.866486
9.766384
9.666005
9.566333
9.46819
9.372258
9.279094
9.189152
9.131164
9.014035
9.058681
9.255842
9.576939
9.979994
10.42609
10.8867
11.3448
11.79272
12.22892
12.65503
13.07363
13.48709
13.89699
14.30408
14.70849
15.12631
15.51836
15.76899
15.8754
15.86865
15.78915
15.67266
15.5446
15.4196
15.30385
15.19809
15.08458
14.99247
14.90255
14.81312
14.72331
14.63283
14.5418
14.45049
14.35922
14.26826
14.17779
14.10285
14.01348
13.9247
13.83644
13.74863
13.66115
13.57392
13.48682
13.39975
13.31262
13.22534
13.13783
13.05003
12.96189
12.87337
12.78444
12.69722
12.6068
12.49812
12.3706
12.22809
12.0758
11.91844
11.75944
11.60085
11.44361
10.96325
10.76881
10.60292
10.44013
10.2819
10.12895
9.9814
9.838974
9.701162
9.567328
9.436782
9.30879
9.182635
9.05767
8.93327
8.808856
8.683901
8.557949
8.43063
8.301662
8.170866
8.038149
7.903506
7.789889
7.651936
7.512401
7.37149
7.229434
7.086478
6.942872
6.798863
6.654691
6.51058
6.342811
6.199508
6.056836
5.914913
5.773825
5.633615
5.49429
5.355815
5.218118
5.081087
4.94458
4.808569
4.673674
4.540893
4.411148
4.28508
4.16302
4.045051
3.931098
3.82102
3.714667
3.611924
3.529016
3.432745
3.340012
3.25087
3.165394
3.083677
3.005819
2.931927
2.862106
2.79646
2.735085
2.678068
2.625488
2.577406
2.533873
2.494917
2.460555
2.426268
2.401818
2.3849
2.368687
2.355332
2.348547
2.346113
2.346957
2.351813
2.360568
2.373108
2.389321
2.412729
2.436522
2.463651
2.49402
2.521734
2.557811
2.596885
2.638883
2.691478
2.739571
2.79037
2.84381
2.899827
2.958353
3.019317
3.082645
3.137161
3.204616
3.274197
3.345803
3.43178
3.507434
3.584783
3.650442
3.730568
3.825727
3.908581
3.992482
4.077293
4.162878
4.249097
4.321329
4.40836
4.495645
4.583047
4.684992
4.757687
4.84468
4.931292
5.0174
5.102889
5.201671
5.257615
5.368243
5.449928
5.517099
5.596536
5.68745
5.763733
5.838401
5.911356
5.982518
6.05174
6.118906
6.183922
6.24156
6.297204
6.365087
6.425007
6.473282
6.523306
6.570472
6.614687
6.655901
6.697067
6.731787
6.760735
6.791299
6.81402
6.832132
6.85471
6.866609
6.877508
6.884685
6.888176
6.88758
6.882071
6.873961
6.860064
6.847661
6.825692
6.798919
6.767223
6.73656
6.696377
6.666283
6.650455
6.643087
6.641806
6.640575
6.638368
6.629394
6.61742
6.601927
6.585463
6.561414
6.540343
6.516998
6.494757
6.474813
6.458149
6.446557
6.43868
6.436769
6.441436
6.454343
6.468094
6.497997
6.532185
6.578179
6.624186
6.681513
6.740191
6.816495
6.892998
6.974688
7.05361
7.151231
7.244976
7.349915
7.43274
7.551387
7.64662
7.743506
7.860043
7.969585
8.052996
8.194558
8.319967
8.438162
8.538572
8.682265
8.80847
8.937588
9.0475
9.204961
9.320014
9.484699
9.604856
9.751724
9.913944
10.07919
10.2342
10.39133
10.55036
10.71104
10.87311
11.03625
11.19395
11.3374
11.46496
11.56046
11.68276
11.78145
11.87749
11.97221
12.06589
12.15811
12.24802
12.33457
12.41655
12.49269
12.56165
12.62209
12.6727
12.71224
12.73957
12.75373
12.75493
12.73969
12.71047
12.6661
12.60652
12.53185
12.45828
12.33836
12.22033
12.08881
11.94433
11.78753
11.61899
11.43928
11.28356
11.06889
10.89092
10.71592
10.54009
10.36035
10.20617
9.982662
9.783899
9.61346
9.368119
9.188533
8.931769
8.707401
8.517916
8.249627
8.056437
7.82361
7.590435
7.357677
7.126058
6.858141
6.631111
6.444105
6.222614
5.968526
5.754575
5.544192
5.371562
5.133823
4.933515
4.736184
4.541594
4.349519
4.159743
3.972087
3.786405
3.602601
3.420625
3.240499
3.062279
2.886071
2.712036
2.54037
2.371311
2.207336
2.078865
1.922805
1.815148
1.732071
1.672622
1.632551
1.610229
1.591503
1.585194
1.587782
1.600299
1.624321
1.661619
1.713998
1.783244
1.855062
1.979654
2.110776
2.237418
2.440254
2.602252
2.813771
3.081556
3.28491
3.540299
3.806127
4.080356
4.408221
4.645969
4.957399
5.268871
5.506522
5.843034
6.085835
6.240523
6.387022
6.488899
6.473256
6.392158
6.228964
5.919075
5.389977
4.458978
3.450408
2.376904
1.541994
1.105427
1.032125
1.196546
1.494315
1.808096
1.844912
1.510953
0.85971
0.118425
-0.919627
-2.221097
-3.34766
-4.454792
-5.342152
-6.440847
-7.597074
-9.010285
-10.25766
-11.52111
-12.78931
-13.84529
-15.10954
-16.58092
-17.84068
-19.12975
-20.20362
-21.40753
-22.03459
-22.27832
-22.25787
-22.13059
-21.89553
-21.73151
-21.51039
-21.50424
-21.69381
-22.04624
-22.51738
-23.41615
-24.36511
-25.30538
-25.96843
-26.32825
-26.42428
-26.33585
-26.15175
-25.97495
-25.76921
-25.55777
-25.40182
-25.28492
-25.13273
-25.00805
-24.88718
-24.79062
-24.66674
-24.57012
-24.47506
-24.37379
-24.25853
-24.11561
-23.93652
-23.72136
-23.47759
-23.19399
-22.8836
-22.56674
-22.31114
-21.9803
-21.76736
-21.50158
-21.29983
-21.11701
-20.97565
-20.78982
-20.63835
-20.49186
-20.37383
-20.21446
-20.08113
-19.94849
-19.8365
-19.67422
-19.52752
-19.39859
-19.20682
-19.03183
-18.84776
-18.65614
-18.45918
-18.25958
-18.0603
-17.86431
-17.67432
-17.4926
-17.32076
-17.15984
-17.01018
-16.87159
-16.74344
-16.62481
-16.51461
-16.4117
-16.31502
-16.26869
-16.13642
-16.05295
-15.9857
-15.89523
-15.82269
-15.75627
-15.70476
-15.64616
-15.58545
-15.54482
-15.51734
-15.5043
-15.50288
-15.50719
-15.51102
-15.51208
-15.50707
-15.49673
-15.48266
-15.46737
-15.45378
-15.44491
-15.4437
-15.4528
-15.47452
-15.51082
-15.56327
-15.62022
-15.70461
-15.79769
-15.89331
-15.9922
-16.0976
-16.21761
-16.37203
-16.42169
-16.40894
-16.33462
-16.22879
-16.07424
-15.9254
-15.70261
-15.44364
-15.13867
-14.68378
-14.07746
-13.53266
-12.99002
-12.54866
-12.03976
-11.48561
-11.11715
-10.63619
-10.25414
-9.901059
-9.574668
-9.216356
-8.800257
-8.311067
-7.770072
-7.299434
-6.731728
-6.086756
-5.560265
-5.063159
-4.597284
-4.16333
-3.76178
-3.452379
-3.058754
-2.759115
-2.495264
-2.267899
-2.077471
-1.924055
-1.80606
-1.732471
-1.670968
-1.636203
-1.627111
-1.645201
-1.68669
-1.751297
-1.838709
-1.928648
-2.07994
-2.232328
-2.404724
-2.596172
-2.779427
-3.022363
-3.371813
-3.818364
-4.242371
-4.905966
-5.433342
-5.868216
-6.212591
-6.488564
-6.686588
-6.908115
-7.130363
-7.365612
-7.664169
-7.942093
-8.188217
-8.498916
-8.879441
-9.21867
-9.568299
-9.927223
-10.29462
-10.66978
-11.05198
-11.44039
-11.76811
-12.23179
-12.5655
-12.96755
-13.43719
-13.772
-14.23845
-14.63506
-15.02787
-15.41626
-15.81146
-16.17509
-16.50025
-16.79056
-17.0117
-17.30015
-17.53644
-17.73022
-18.00115
-18.19603
-18.43205
-18.71035
-18.95094
-19.19286
-19.43571
-19.67916
-19.92301
-20.12643
-20.41143
-20.61506
-20.85935
-21.14396
-21.34677
-21.58925
-21.8704
-22.10938
-22.30675
-22.54096
-22.77183
-22.99887
-23.25824
-23.47537
-23.68726
-23.82136
-24.05873
-24.40838
-24.86182
-25.39218
-25.96842
-26.66272
-27.27893
-27.84258
-28.24438
-28.60001
-28.85047
-28.9429
-28.98849
-28.9894
-28.93927
-28.91587
-29.00468
-29.20849
-29.44884
-29.7933
-30.16939
-30.55281
-30.92797
-31.2869
-31.6272
-32.00185
-32.30649
-32.59836
-32.87928
-33.15035
-33.41204
-33.66441
-33.86746
-34.10234
-34.32751
-34.543
-34.749
-34.97776
-35.10315
-35.31376
-35.48592
-35.65086
-35.80909
-35.96077
-36.10464
-36.27213
-36.35204
-36.25931
-35.93575
-35.43615
-34.46979
-33.91124
-33.44686
-32.25768
-31.98325
-30.66174
-30.02724
-29.5093
-29.12383
-28.87349
-28.73455
-28.65952
-28.60496
-28.53971
-28.44427
-28.30531
-28.15308
-27.88953
-27.62657
-27.38868
-27.03648
-26.7231
-26.40287
-26.0777
-25.74843
-25.41528
-25.124
-24.73956
-24.13568
-23.28103
-22.06563
-20.86961
-19.43902
-17.89795
-16.49424
-15.38126
-14.7059
-14.135
-13.74237
-13.59509
-13.51404
-13.25948
-12.93269
-12.08257
-10.98565
-9.950899
-8.846642
-7.900193
-7.262856
-6.944331
-6.775163
-6.818302
-6.975172
-6.992535
-6.71579
-6.180311
-5.422972
-4.528595
-3.577542
-2.628272
-1.71558
-0.854078
-0.044461
0.719455
1.3267
2.026993
2.703032
3.360293
4.039448
4.615248
5.008688
5.233571
5.333168
5.353074
5.328972
5.258543
5.179377
5.268718
5.61234
6.363176
7.030724
7.522373
7.796162
7.984611
8.010305
7.900268
7.66109
7.428334
7.293123
7.266847
7.346285
7.549295
7.914246
8.427353
8.799235
9.331741
9.717645
10.02878
10.05483
9.929581
9.550424
9.098106
8.527029
7.974069
7.500684
7.111815
6.844133
6.729234
6.701283
6.692341
6.682403
6.660636
6.61811
6.595888
6.512919
6.304895
5.909679
5.324962
4.616549
3.844793
3.028114
2.15081
1.303618
0.518962
-0.165225
-0.773535
-1.318233
-1.813347
-2.274652
-2.708315
-3.122712
-3.526119
-3.924974
-4.324282
-4.727717
-5.137479
-5.554502
-6.058687
-6.488434
-6.912889
-7.331936
-7.746814
-8.15933
-8.571319
-8.915347
-9.329967
-9.755478
-10.17824
-10.59412
-10.99707
-11.35754
-11.70422
-11.94214
-12.13531
-12.29528
-12.41866
-12.51324
-12.67102
-12.90897
-13.24503
-13.64297
-14.04057
-14.39142
-14.66002
-14.85047
-14.95934
-15.00712
-15.006
-14.98259
-14.90891
-14.82377
-14.72837
-14.62995
-14.51759
-14.42617
-14.3399
-14.25815
-14.17964
-14.10322
-14.04027
-13.97261
-13.89657
-13.82036
-13.71907
-13.59094
-13.44767
-13.23983
-13.09979
-12.82591
-12.52759
-12.27074
-12.00418
-11.71819
-11.4134
-11.09931
-10.7806
-10.46032
-10.11842
-9.778645
-9.502313
-9.317271
-9.230001
-9.116546
-9.066234
-9.032446
-9.004454
-9.001449
-8.953794
-8.871366
-8.719324
-8.509819
-8.248358
-7.922863
-7.541154
0.108445
1.087043
0.9467
0.828891
0.87401
0.805727
0.779571
0.764593
0.7185
0.704961
0.680297
0.637473
0.600696
0.579609
0.563332
0.52645
0.494048
0.374913
0.615453
0.556657
0.516871
0.567855
0.560544
0.579621
0.59621
0.571799
0.526615
0.519193
0.562883
0.521697
0.534151
0.538559
0.50345
0.488174
0.502686
0.48359
0.475589
0.460702
0.483745
0.429663
0.465296
0.461744
0.432215
0.417869
0.431504
0.455281
0.451111
0.511169
0.480242
0.44858
0.434123
0.421435
0.449536
0.404743
0.408864
0.376468
0.383375
0.366365
0.34924
0.364423
0.345079
0.33724
0.36339
0.334231
0.301012
0.323932
0.27467
0.291868
0.271999
0.269305
0.236479
0.264956
0.219581
0.246314
0.228921
0.219035
0.216936
0.206148
0.20276
0.187365
0.150571
0.149841
0.138539
0.133554
0.115648
0.12287
0.106677
0.11309
0.102725
0.105034
0.049334
0.047079
0.050286
0.048681
0.013014
0.01627
-0.008456
-0.014076
-0.01942
-0.020879
-0.018953
-0.01519
-0.011223
-0.007798
-0.005176
-0.003303
-0.002017
-0.001178
-0.000661
-0.000335
-0.000154
-5.2E-05
3E-06
2.7E-05
2.9E-05
2.9E-05
2.8E-05
2.6E-05
2.3E-05
1.9E-05
1.7E-05
1.4E-05
1.1E-05
9E-06
8E-06
6E-06
5E-06
4E-06
3E-06
3E-06
2E-06
2E-06
1E-06
1E-06
1E-06
1E-06
0
0
0
0
0
0
0
0
0
0
0
0
0
0
0
0
0
0
0
0
0
0
0
0
0
0
0
0
0
0
0
